
# Species initializations:
INPUT = 1;
P1 = 0;
mRNA1 = 0;
P2 = 0;
mRNA2 = 0;
P3 = 0;
mRNA3 = 0;
P4 = 0;
mRNA4 = 0;
P5 = 0;
mRNA5 = 0;
P6 = 0;
mRNA6 = 0;
P7 = 0;
mRNA7 = 0;
P8 = 0;
mRNA8 = 0;

# Variable initializations:
d_protein1 = 0.01576525;
d_mRNA1 = 0.600013;
L1 = 0.0284569399501349;
Vm1 = 1.16380673480284;
a_protein1 = 0.089105566248939;
H1 = 4.52340391321994;
K1_1 = 0.0269204907071558;
K2_1 = 0.0169635567504703;
K3_1 = 0.0114278645720656*K1_1;  # added
d_protein2 = 0.0100753359178861;
d_mRNA2 = 0.607263145327485;
L2 = 0.01126375;
Vm2 = 0.855433454948057;
a_protein2 = 0.0825104648147814;
H2 = 3.21939257313515;
K1_2 = 0.0170170903653747;
d_protein3 = 0.0165270958726424;
d_mRNA3 = 1.4096553751623;
L3 = 0.0108824170117358;
Vm3 = 1.61383118795785;
a_protein3 = 0.118672807163739;
H3 = 4.57189341195625;
K1_3 = 0.0133069236136431;
d_protein4 = 0.0205716618573404;
d_mRNA4 = 1.19069657063437;
L4 = 0.0142166568749038;
Vm4 = 0.916251896011744;
a_protein4 = 0.0862964088164644;
H4 = 5.00512303222327;
K1_4 = 0.0179894288457716;
d_protein5 = 0.0180685727313577;
d_mRNA5 = 0.911653907722886;
L5 = 0.0124824037745626;
a_protein5 = 0.106293056264931;
d_protein6 = 0.0178004316181647;
d_mRNA6 = 0.67287496171115;
L6 = 0.0166516087433626;
Vm6 = 0.889302076744445;
a_protein6 = 0.0890528700251159;
H6 = 5.58112408673455;
K1_6 = 0.0139445776013774;
K2_6 = 0.0121764364668572;
K3_6 = K1_6*K2_6;  # added
d_protein7 = 0.0206180615545929;
d_mRNA7 = 0.618711430584466;
L7 = 0.0178636133026099;
a_protein7 = 0.0764169841455256;
d_protein8 = 0.0131749080364666;
d_mRNA8 = 1.17483328491068;
L8 = 0.0165535374304033;
Vm8 = 0.87881445337468;
a_protein8 = 0.103749989801903;
H8 = 2.17775388441324;
K1_8 = 0.0168599518440462;
